	¤	g	u	*	8	0x9	­	b	»	p	%	~	3	×	¨	]	¶	k	 	y	.	<	£	0xd	±	f	¿	t	)	7	÷	¬	a	o	$	}	2	@	§	\	j	x	-	;	¢	0xc	°	e	s	(	6	ö	«	`	n	#	|	1	?	¦	[	´	i	w	,	:	¡	0xb	¯	d	r	'	þ	5	0	ç	ü	_	¸	m	"	{	ð	>	¥	h	v	+	9	0xa	®	c	q	&	4	ý	©	^	·	l	!	z	/	=	
¤	2	1	1	22	0	0	0	0	2	0	0	0	0	1	0	0	0	1	17	0	0	0	0	4	0	2	0	1	0	0	0	0	0	0	0	1	0	1	1	0	0	0	0	0	0	0	19	1	0	0	0	0	1	0	4	0	1	0	0	0	0	0	1	0	0	1	0	0	1	1	0	0	0	0	0	0	0	0	0	1	0	2	0	0	2	3	0	0	0	0	0	1	0	0	0	0	1	0	0	1	20	0	0	2	
g	0	22780	661573	194	71	16	1	5407	0	3341	12	3	324	0	0	283	0	1178	300345	9321	23303	4	1	25690	0	1854	0	7741	13777	182	0	0	462803	460843	15	10	393	91	3	10	185	80	2755	524	2	0	4	1568199	36977	293	187	423177	0	38076	27515	30	22	221	1766	0	18	57	1943560	2308	19249	3240	3	0	0	16688	333347	9044	28	169	71	66	372521	293	1	33677	2358	0	53	518	0	148752	657	44	27	2684	3	2084	53	100	172	105280	0	7	2	143490	925	11969	4145	225	
u	1	342381	35240	173	33	30	80	116988	2	264676	9	3	39	0	3	254	0	566364	2073928	533349	169323	11	0	27708	0	54704	6	545460	42381	14	0	1	81498	14746	58125	21	1009	81	1	13	4238	10102	4004	3246	122	0	0	87743	802333	1166	43	58	0	72512	2450210	2	5	118	11596	0	13	153	50901	1050	100153	7678	2	0	0	179571	1868197	45079	226115	37	41	52931	92	143	0	1006266	11417	2	250720	755	0	137058	73036	93	53	4351	1	275056	514	78	30	416	0	8	2	1256255	3257	630019	4430	141	
*	22	294	79	8555	51	1	0	738	0	340	14	8	165	0	0	34	0	617	20640	267	368	14	0	2092	0	231	0	484	3193	86	0	0	617	254	23	121	306	33	0	3	43	93	90	15	1	0	0	331	763	259	61	45	0	459	255	37	9	378	33	0	11	5	430	76	554	115	0	0	0	474	209	70	61	88	59	154	16	13	0	361	181	5	1	8	0	397	105	33	31	411	1	520	24	14	107	14	1	9	0	236	53	127	512	27	
8	0	46	18	70	13323	576	0	281	1	36	62	7	14085	1	0	900	0	264	36263	44	11063	5	0	2004	2	98	0	292	5254	14928	0	0	161	28	24	7	12507	22	0	3	3	365	4536	93	0	0	16	248	109	60	14133	0	0	1899	42	24	9	14166	13	0	1	9	284	8	3518	1623	0	0	0	778	42	3454	0	13182	27816	1	1	57	0	482	161	0	0	9	0	70	44	96	15231	145	0	239	4	107	12781	2	0	12	1	405	22	5	1274	62	
0x9	0	344	160	32	31	5077	0	802	0	362	1	0	178	0	0	0	0	509	1431	388	1730	52	0	1044	0	341	0	1811	0	32	0	0	1117	288	96	49	482	0	0	0	82	11	762	3	0	0	0	374	800	109	54	56	0	563	310	2	0	714	4	0	28	0	735	285	13	109	0	0	0	591	255	18	74	83	250	91	50	2	0	780	118	5	0	3	0	388	140	0	53	37	0	491	24	0	102	9	0	0	0	201	0	48	12	12	
­	0	15	20	0	0	0	62	23	0	8	0	0	0	0	0	1	0	62	66	70	3	0	0	2	1	5	0	117	6	0	0	0	4	11	0	0	0	0	0	0	1	0	1	0	0	0	0	0	55	0	0	0	0	27	108	0	0	0	0	0	0	0	8	1	0	1	0	0	0	164	168	0	23	1	0	12	2	0	0	114	1	0	30	0	0	26	30	0	0	1	0	31	0	0	0	1	0	0	0	247	1	14	0	0	
b	0	4190	1600333	144	117	45	3	43149	2	1596	13	0	267	1	0	178	0	1140934	40581	51849	10905	11	1	1662	1	1094	0	4401	6100	268	0	1	1706095	520039	26	5	539	75	0	13	9963	334	3945	101	0	0	3	1401720	16209	158	161	107531	0	12333	12673	7	47	524	142	0	21	9	4139618	2377	2597	1830	1	0	0	17357	127351	3851	246	328	197	95	212531	101	0	6721	614	0	34	324	1	1550	732	125	96	200	1	6928	71	98	247	110006	0	82	0	151361	172	8082	794	199	
»	1	0	0	0	1	0	0	0	48	0	0	0	0	0	0	0	0	0	510	0	9	0	0	27	1	0	0	3	5	0	0	0	2	1	0	0	14	0	0	0	1	0	0	0	0	0	2	0	0	2	0	0	6	2	1	0	0	15	0	0	0	0	2	2	16	0	0	0	0	8	0	0	1	0	0	0	0	1	0	8	2	0	0	2	0	0	0	0	0	2	1	0	0	0	0	1	0	0	0	2	1	0	0	0	
p	0	5312	115991	188	151	48	13	1891	0	48419	23	9	5124	0	0	364	0	28636	718125	20464	35033	17	4	10438	0	2422	1	190309	12852	43	0	0	792672	274223	247	9	545	51	2	25	646	436	3977	1162	5	0	2	474093	93707	638	73	1414	2	35636	5164	18	12	455	3262	0	61	25	349315	552	63358	44787	0	0	0	5109	265574	8151	1337	199	153	8364	19330	316	0	120732	2603	4	44	181	0	62334	803	126	52	1393	4	13810	179	84	372	158435	0	26	1	346257	1282	422	2401	256	
%	0	8	116	8	682	1	0	20	0	9	144	2	739	0	0	3	0	54	2189	7	24	1	0	105	2	35	0	6	77	657	0	0	15	1	22	10	1598	13	0	11	0	8	21	6	0	0	0	17	100	19	529	0	0	33	5	17	19	2211	4	0	1	1	69	9	58	2	0	0	0	68	7	144	1	1249	250	0	7	0	0	96	27	2	0	26	0	4	1	26	1735	2	0	69	0	99	557	2	0	27	0	20	15	4	9	15	
~	0	43	32	3	9	0	0	77	1	36	5	693	147	0	2	3	0	41	444	29	4	0	0	80	0	24	1	69	17	24	0	0	74	59	6	1	262	3	1	1	32	8	7	0	0	0	1	118	116	14	37	3	0	41	22	5	1	360	0	1	1	0	19	34	27	3	0	0	0	51	47	25	0	63	18	0	2	2	0	72	8	0	0	1	0	59	12	1	88	11	1	68	8	1	27	1	0	4	0	25	1	13	10	27	
3	1	190	347	176	12966	646	0	229	0	188	84	4	16473	2	0	1374	0	189	75378	72	23440	4	0	3212	0	177	0	987	9858	13752	0	0	297	35	20	16	16271	45	0	6	12	519	9974	174	0	0	14	390	173	101	13286	0	0	5554	133	11	25	19354	96	0	2	8	53	25	26147	5003	0	0	0	2571	601	5480	0	14926	31988	5	431	123	0	444	306	0	0	24	0	74	79	298	13654	196	0	450	12	97	13458	1	0	70	2	732	57	16	2199	109	
×	0	1	0	0	1	0	0	2	0	9	0	0	1	10	0	0	0	2	41	0	0	0	0	2	1	0	0	1	1	2	0	0	1	0	0	0	1	0	0	0	0	6	0	0	0	0	0	2	0	2	2	0	0	0	2	0	0	4	0	0	4	0	2	0	0	0	0	0	0	2	1	1	0	0	0	1	0	0	0	2	0	0	0	0	0	0	0	0	0	0	0	2	0	0	0	0	0	0	0	3	0	0	1	0	
¨	0	1	2	0	0	0	0	14	0	1	0	3	0	0	11	1	0	6	81	7	3	0	0	7	0	3	0	4	0	0	0	0	12	2	1	0	0	0	0	0	0	2	2	0	1	0	4	5	8	0	0	0	0	3	1	1	0	0	0	1	0	0	6	2	3	0	0	0	0	5	2	0	0	0	0	0	0	0	0	1	0	0	0	0	0	5	3	0	1	1	4	3	0	1	0	0	2	0	1	4	0	0	0	0	
]	0	10	15	28	2	31	0	38	3	21	1	1	3	0	0	76	0	19	16037	20	773	19	0	8857	0	13	0	37	246	0	0	0	70	27	2	11	5	0	0	6	8	14	79	145	0	0	0	47	114	28	0	0	22	52	42	6	6	0	11	5	152	0	56	34	2802	183	0	0	0	49	15	70	4	0	2	1	2	1	0	40	76	17	0	75	1	20	7	13	0	485	17	18	0	4	0	3	0	64	0	33	13	6	30	73	
¶	0	0	0	0	0	0	0	0	0	0	0	0	0	0	0	0	0	0	5	0	1	0	0	0	0	0	0	0	0	0	0	0	0	0	0	0	0	0	0	0	0	0	0	0	0	0	0	0	0	1	0	0	0	0	0	0	1	0	0	0	0	0	0	0	2	0	0	0	0	0	1	0	0	0	0	0	0	0	0	0	0	0	0	0	0	0	0	0	0	0	0	0	0	0	0	0	0	0	2	1	0	0	0	0	
k	1	4960	883483	670	97	98	51	16077	7	4769	14	6	181	2	3	507	0	149287	3418492	37407	168806	26	3	32214	0	4646	3	954721	147129	56	0	0	2997919	813647	6005	26	427	215	2	20	649	258	9777	7227	65	0	6	1540056	346813	2156	64	94193	2	186185	93461	9	12	991	6308	0	46	90	2300055	2695	193756	18066	2	0	0	27646	140689	25069	23433	39	92	71326	182982	2511	0	212137	24199	12	263	901	2	11888	5392	308	69	5664	9	56940	39	162	175	642110	9	29	0	1339022	6839	1141055	5859	419	
 	14	3358101	782085	14781	35914	1809	77	6665949	252	1119695	9825	599	93993	43	63	1216	3	4462462	1414018	3392226	70779	11664	95	666120	31	1153097	59	3186184	48913	36786	6	1	4526513	3623634	89429	409	157141	428	247	306	139514	21305	139411	6410	1057	0	267	2171212	4691922	472364	42321	465427	209	1680248	1034821	6121	5590	252381	16289	2	13136	114	3471384	527112	97096	42457	39	0	3	4568086	702672	59700	522190	56965	21481	782278	276407	627	1	2170012	375617	1487	301	1922	16	2255110	1885244	7827	34801	52633	14	1432988	26807	6590	61554	60587	31	202	125	677491	8013	542547	13360	10091	
y	0	101659	507787	180	11	53	22	48560	1	11290	15	9	81	0	1	388	0	58905	775999	27016	49496	18	0	51826	1	25781	0	43505	30380	11	0	0	3469788	1578928	534	30	266	129	1	8	317	424	6398	1223	1	0	1	1737928	130721	602	14	54607	0	84910	254755	39	66	231	3947	0	63	121	898599	9039	51162	5759	0	0	0	221554	220186	35106	2880	16	91	596	218039	431	0	101495	7074	3	103	672	0	12117	40850	158	26	5872	2	23274	51	146	42	461471	0	66	5	875464	3888	10355	2389	395	
.	0	17543	6359	362	3692	891	1	49527	99	9723	60	12	5781	0	11	1133	0	22392	2237966	16736	1633587	88	0	572953	5	8022	2	25012	20223	3658	0	0	43502	21947	557	88	10952	50	1	31	3480	715	2200	186	15	0	0	20324	34952	17112	3907	4728	5	47056	16402	35	268	15891	1535	0	287	10	17803	2870	1327433	4343	0	0	0	19739	5263	4800	4478	8883	20946	4531	1723	67	3	15447	43084	8	15	65	0	30824	7443	80	5392	72302	1	42840	275	47	4546	486	0	17	11	6239	7827	4687	395	63	
<	0	1020	162	12	10	0	0	992	0	505	48	1	39	0	0	2	0	641	566	327	24	273	0	26	0	714	0	980	1	13	0	0	1593	224	14	21	35	687	0	4	2143	260	308	0	0	0	0	504	1857	18	7	6	0	400	369	1	80	96	76	0	29	0	374	127	13	10	0	0	0	1344	271	6	3	31	31	18	3	185	0	1573	70	11	0	159	0	4140	85	196	5	3	0	1317	31	0	10	0	0	136	0	461	30	345	575	186	
£	3	2	1	0	3	0	0	0	0	0	0	0	15	0	0	0	0	0	17	1	2	0	2	0	0	0	0	1	0	3	0	0	4	0	3	0	24	1	0	0	0	0	0	0	1	0	2	1	0	0	3	0	0	2	0	4	0	32	0	1	0	1	1	0	1	0	0	0	0	1	0	3	0	4	1	0	0	1	0	0	0	0	0	0	1	0	3	0	1	0	5	2	0	0	6	0	0	0	0	0	1	0	0	0	
0xd	0	0	0	0	0	0	0	0	0	0	0	0	0	0	0	0	0	0	0	0	0	0	0	0	0	0	0	0	0	0	0	0	0	0	0	0	0	0	0	0	0	0	0	0	0	0	0	0	0	0	0	0	0	0	0	0	0	0	0	0	0	0	0	0	0	0	0	0	0	0	0	0	0	0	0	0	0	0	0	0	0	0	0	0	0	0	0	0	0	3600494	0	0	0	0	0	0	0	0	0	0	0	0	0	0	
±	0	0	0	0	1	1	0	0	1	0	6	0	5	0	0	0	0	1	22	0	0	0	0	0	8	0	0	0	0	0	0	0	0	0	0	0	3	0	0	0	0	0	0	0	0	0	7	0	0	0	2	1	1	0	0	0	0	11	1	0	0	0	0	0	0	0	0	0	0	0	2	0	0	5	0	0	0	0	0	0	0	0	0	0	0	0	0	0	0	0	0	0	0	0	0	0	0	0	0	0	0	0	0	0	
f	0	2373	112222	225	198	27	4	2533	0	1260	63	2	627	0	2	99	0	9527	375559	10645	14063	4	0	5922	0	68261	0	122890	7068	127	0	0	570612	282679	89	7	603	61	0	9	283	802	3150	241	1	0	2	395835	23729	896	590	5924	0	19955	1618	69	2	2437	393	1	12	6	548160	608	9564	1628	1	0	0	1669	162780	3398	542	501	282	2468	13064	192	0	4333	1490	2	12	353	1	3313	209	57	135	703	4	6300	52	90	362	108259	0	15	4	116980	794	463	567	210	
¿	0	1	0	0	0	0	0	2	0	4	1	1	0	0	0	2	0	1	64	0	5	0	0	26	0	2	22	2	30	0	0	0	4	0	0	0	0	1	0	0	0	1	0	0	0	0	0	0	1	1	0	0	0	7	3	0	0	0	17	0	0	0	0	0	51	0	0	0	0	7	0	0	0	0	0	1	0	0	0	0	18	0	0	0	0	3	0	0	0	29	1	2	57	1	0	0	0	0	0	0	15	0	0	0	
t	0	7995	858784	548	214	99	32	46779	6	48384	89	20	543	0	3	601	0	82727	1716313	75318	80973	34	3	62087	0	21093	2	574057	51658	40	0	0	2614834	735504	314	44	1020	235	2	63	693	863	15838	2586	12	0	2	2346030	152550	1307	243	30918	0	136146	18020	21	82	1146	5664	0	140	292	2288375	26746	80189	11352	6	0	0	9391	479789	72764	258	129	118	23666	426917	895	1	492810	11395	3	215	873	0	1049813	30195	725	49	6848	22	50859	103	238	270	769703	2	54	2	533081	6433	10412	5715	757	
)	0	308	346	377	16	210	0	783	1	172	13	7	102	4	0	391	1	552	302664	496	40843	38	0	219110	0	149	3	596	5866	9	0	0	952	371	12	30	111	12	0	22	27	59	994	2843	0	0	0	504	697	14925	38	71	1	13396	989	49	11	116	366	0	75	12	1159	42	879893	3247	0	0	0	1315	137	3400	51	89	40	88	66	30	1	1138	1716	54	7	68	1	409	259	351	7	23619	0	193	7	50	26	238	0	204	8	630	334	57	484	490	
7	0	57	63	77	11479	591	0	151	0	27	57	6	13175	1	1	917	0	69	33732	114	13013	7	0	2323	0	96	0	487	5976	13862	0	0	150	19	17	2	11875	32	0	5	0	127	4919	133	0	0	14	235	260	72	11655	0	0	2363	147	12	14	13315	22	0	0	10	67	15	23945	1543	0	0	0	621	12	3068	9	13780	20568	6	0	54	0	152	283	0	0	23	0	49	45	64	13196	119	0	113	10	55	11181	1	1	11	2	289	23	10	1927	66	
÷	0	0	0	0	0	0	0	0	0	0	0	0	0	0	0	0	0	0	5	0	0	0	0	0	0	1	0	0	0	0	0	0	0	0	0	0	1	0	0	0	0	0	0	0	0	0	0	0	0	0	0	0	0	0	1	0	0	3	0	0	0	0	0	0	1	0	1	0	0	0	0	0	0	0	0	0	0	0	0	0	1	0	0	0	0	0	0	0	0	0	0	0	0	0	0	0	0	0	1	0	0	0	0	0	
¬	0	0	0	0	0	0	0	0	0	0	0	0	0	0	0	0	0	0	2	0	0	0	0	0	0	0	0	1	0	0	0	0	0	0	0	0	0	0	0	0	0	0	1	0	0	0	0	0	0	0	0	0	0	0	0	0	0	0	0	0	0	0	2	0	0	0	0	0	0	0	0	0	0	0	0	0	0	0	0	0	1	1	0	0	0	0	0	0	0	0	0	0	0	0	0	0	0	0	0	0	0	0	0	1	
a	0	417238	95816	647	150	331	250	999206	1	930493	47	23	667	2	5	803	0	2920244	6399944	2415900	185072	55	2	49927	1	454267	13	2057656	81904	221	0	1	258086	19341	106388	55	759	201	2	81	73406	15961	17512	10371	379	0	3	23678	2358725	3274	294	357	0	199304	7097732	57	80	1361	14319	0	135	407	312319	50755	254307	30741	3	0	1	1865890	6959955	63626	703305	229	322	241986	775	534	0	2355452	23632	5	386756	1307	0	998543	513106	566	253	8002	3	833721	3994	244	659	2438	0	130	3	3303992	10995	1029345	5083	517	
o	0	283820	642456	141	26	136	73	110899	1	308063	15	10	219	0	2	347	0	899579	754950	528475	26433	24	0	19327	0	261751	4	435984	20025	45	0	0	37248	227003	14454	39	521	133	0	7	55352	12784	8840	511	16	0	6	33545	406393	406	51	84	0	55700	2121386	16	17	173	3816	0	16	33	58463	236324	29673	4336	0	0	0	279888	2085628	18865	76263	106	107	7102	51	406	0	464937	5012	2	174242	997	0	81538	150920	109	77	2600	6	232536	1473	79	150	226	0	30	0	2779316	3326	301258	1428	278	
$	0	949	29284	35	47	1	0	675	0	271	47	4	149	0	3	30	0	17618	78101	900	7035	10	1	548	0	716	0	56488	1414	66	0	0	69641	6165	3116	2	206	15	1	5	7	9	205	200	9	0	0	60319	3442	204	60	634	0	2714	416	50	0	445	242	0	5	2	115988	12	10071	365	0	0	0	433	941	722	4	135	26	152	1908	18	0	25957	821	10	1	8	0	1325	1445	139	50	251	0	1733	12	8	141	7947	0	9	0	40790	202	51	150	281	
}	1	1	1	5	0	8	0	0	0	2	0	24	0	0	0	16	0	2	824	0	38	6	0	890	0	1	0	6	18	0	0	0	2	5	0	76	1	0	0	4	0	3	13	37	0	0	1	71	1	7	0	0	0	6	3	4	22	0	3	0	1	0	1	4	312	9	0	0	0	4	3	20	0	0	0	0	0	5	0	2	16	6	0	3	1	0	0	4	0	170	0	1	1	1	0	0	0	4	0	1	0	1	3	3	
2	0	208	67	337	16172	689	0	518	0	883	69	4	21941	4	0	1637	1	641	82567	327	30867	13	0	3456	2	338	0	144	14328	18161	0	0	326	259	85	31	19829	89	0	22	11	1054	11914	220	0	0	22	195	655	195	14953	1	0	8243	722	16	43	24418	47	0	2	13	132	37	6188	4994	1	0	0	1560	85	6094	53	23598	90406	1	3	153	0	607	659	1	0	80	0	105	76	481	16457	239	0	425	14	126	20086	8	0	348	2	351	49	13	2504	317	
@	0	211	246	32	4	0	0	198	0	213	10	2	12	0	1	1	0	204	260	191	31	0	0	18	0	87	0	540	34	0	0	0	287	86	22	3	50	147	2	0	23	32	53	0	0	0	1	166	448	17	3	0	0	69	506	90	1	40	5	0	0	0	284	202	38	4	0	0	0	292	103	10	0	6	2	1	0	4	0	362	23	11	0	15	0	311	95	0	3	4	5	361	15	7	4	0	0	9	2	137	32	69	1	37	
§	0	0	1	3	0	0	0	0	0	2	1	2	0	0	2	1	0	2	257	1	0	0	0	3	0	0	0	8	0	1	0	0	0	0	8	2	0	2	17	0	0	0	1	0	1	0	0	1	1	0	0	0	0	2	0	0	2	0	0	0	0	0	1	0	0	1	0	0	0	1	3	5	0	0	0	1	1	2	0	1	0	0	0	0	0	0	4	2	0	0	1	1	0	0	0	0	1	0	2	2	0	0	0	1	
\	0	13	28	7	1	0	0	38	0	50	2	0	2	0	0	48	0	25	221	17	14	0	1	72	0	20	0	43	2	2	0	0	56	28	1	0	6	3	0	82	4	8	6	3	0	0	0	34	156	4	2	1	0	53	147	5	26	9	1	0	5	0	52	119	16	0	0	0	2	68	31	21	0	1	11	3	0	45	0	75	121	2	0	109	0	24	9	1	0	0	0	79	2	0	2	0	0	0	0	23	0	5	44	2	
j	0	351	56634	13	8	4	1	791	0	2598	2	1	22	0	0	50	0	1981	26943	1692	3200	2	0	251	0	275	0	516	1069	150	1	0	86004	51683	5	3	140	19	0	0	1534	71	286	49	0	0	0	70542	898	22	5	2620	0	4080	696	6	0	58	23	0	1	1	93694	68	1198	448	0	0	0	8375	1208	3340	20	4	19	5	1286	24	0	1134	197	0	6	5	0	409	181	24	20	48	0	580	12	56	29	10478	0	2	0	12535	54	79	173	31	
x	0	184	1799	97	495	12	0	509	1	13509	18	5	595	1	1	564	0	103	47445	4084	3756	44	0	2111	0	927	0	14513	7397	231	0	0	6328	2571	6	11	1703	43	0	10	41	6163	2827	77	0	0	1	10061	1123	200	183	4	0	15586	285	40	33	991	214	0	146	25	14976	341	3326	1843	0	0	0	670	197	4741	6	328	344	30	35	284	0	981	794	0	2	191	0	693	507	284	93	227	12	5083	69	23	735	142	2	208	0	2750	152	110	555	399	
-	0	9407	5483	132	3335	1085	0	28259	3	9260	106	7	8380	0	5	62	0	16669	295609	13455	2739	51	1	8112	0	6299	4	15020	1304	3519	0	1	27613	14029	463	12	12824	56	0	16	1307	599	139577	49	9	0	2	17247	24847	1878	4520	1646	5	14744	12096	47	472	22024	640	2	103	1	21462	3431	1762	199	0	0	0	13401	6019	214	1890	6643	4932	2349	1714	64	0	14781	1403	15	44	4071	0	19683	4256	5646	3052	683	0	9107	239	6	6489	5138	1	21	0	6952	167	2026	91	34	
;	0	214	81	7	9	35	0	798	0	133	1	1	17	0	0	31	0	438	108465	333	46	31	0	24708	0	136	0	305	587	8	0	0	661	287	26	45	40	0	1	0	22	12	86	39	0	0	0	307	550	127	12	94	0	442	155	5	3	74	9	0	8	0	405	36	163	18	0	0	0	299	132	76	56	14	7	91	35	6	0	211	325	9	0	5	1	361	90	3	4	1908	0	131	28	244	11	13	0	0	0	136	32	67	6	1	
¢	0	6	79	1	0	0	0	7	0	2	0	0	0	0	0	1	0	14	211	0	21	0	3	1	0	0	0	61	4	0	0	0	448	287	0	0	0	0	0	0	0	0	0	1	2	0	0	597	6	1	0	10	0	4	1	0	0	0	1	0	0	0	1059	0	10	0	0	0	0	3	21	4	0	0	0	0	9	0	0	88	4	0	0	0	0	0	0	1	0	0	2	1	0	0	0	53	0	0	0	114	1	0	0	0	
0xc	0	0	0	0	0	0	0	0	0	0	0	0	0	0	0	0	0	0	1	0	0	0	0	791	0	0	0	0	0	0	0	0	0	0	0	0	0	0	0	0	0	0	0	0	0	1	0	0	0	0	0	0	0	0	0	0	0	0	0	0	0	0	0	0	1	0	0	1	0	0	0	0	0	0	0	0	0	0	0	1	0	0	0	0	0	0	0	0	0	0	0	0	0	0	0	0	0	0	0	0	0	0	0	0	
°	20	2	0	0	0	0	0	1	2	0	0	1	3	0	4	1	0	10	177	3	1	0	0	6	7	17	0	2	4	8	0	0	1	0	1	1	1	0	1	1	1	1	9	0	0	0	26	1	0	1	0	0	2	12	2	0	0	1	1	0	0	1	0	0	13	1	0	0	11	11	0	16	1	0	0	0	0	2	0	0	0	0	0	1	0	0	0	0	0	0	0	313	0	0	1	0	0	0	0	15	0	1	1	1	
e	2	329518	35847	567	232	215	178	386040	3	271048	62	30	619	1	6	1478	0	2449542	8217889	1340923	240232	32	0	179031	0	256647	8	1808318	103656	341	0	0	404480	71853	35524	117	1069	298	1	104	20273	60587	23020	12610	269	0	4	296636	1989926	3708	428	392	3	253905	5269528	27	69	746	21340	1	190	604	87875	50709	295628	26200	3	0	0	1505542	6297509	105517	245200	931	303	167365	370	3337	0	1541063	28264	8	334360	2145	0	157266	857098	339	140	20827	8	792923	9144	328	629	536	0	151	24	2437192	12566	335579	9802	1074	
s	0	19215	868563	473	82	109	30	14101	3	167950	53	18	376	0	2	1418	0	284068	1351421	154128	96725	20	0	82851	0	19515	1	1541976	60699	60	0	0	2508410	1149928	58	107	1578	360	2	165	996	527	7399	2597	2	0	0	2078436	267515	1304	126	235045	1	155075	48894	12	31	672	4042	0	152	79	3440728	28216	98491	13150	1	0	0	11028	30672	33894	144	138	245	4532	198670	955	401	282860	11679	2	41	1369	1	228514	19099	191	123	8517	10	94290	6745	325	499	1147659	1	39	9	429345	4294	1718	8514	365	
(	0	9327	4127	352	885	0	0	1158426	0	6234	362	86	3138	1	0	2	0	21803	6864	15225	1153	40	2	127	1	5179	16	15003	615	960	0	0	33824	10980	604	1	7584	40	2	5	1480	2451	757	6	1	0	0	13074	19341	701	1192	3150	5	16156	8500	724	6	22651	2169	0	33	0	14317	3228	312	78	0	0	4	14518	4645	365	1891	1583	1555	2416	762	37	0	12620	2086	1	17	19	0	14471	7168	279	1017	52	1	8770	302	84	2018	365	6	8	1	4775	4360	2290	64	175	
6	0	62	38	74	11629	577	0	243	0	25	63	5	12795	0	1	964	0	306	42195	120	12822	1	0	2139	0	185	0	224	6218	12963	0	0	295	17	31	5	10901	40	0	2	9	230	5328	187	0	0	12	211	212	71	12890	0	0	2764	128	10	15	13385	31	0	2	9	52	10	3512	2697	0	0	0	723	34	3149	12	12756	21053	2	1	57	0	411	205	2	0	15	0	62	101	125	13853	132	1	229	5	59	14189	29	0	27	0	209	20	7	1634	53	
ö	0	6290	22	6	0	0	23	13428	0	29933	0	0	4	1	0	2	0	39787	3046	206764	1444	1	0	152	0	7139	0	70560	167	1	1	0	346	57	239	5	11	1	0	1	102	23	54	4	0	0	0	1187	50507	14	0	9339	0	649	292127	1	0	12	360	0	0	0	617	169	380	138	0	0	0	20919	338749	188	10848	2	1	3516	203	1	0	18691	259	0	65182	80	0	2893	16638	5	0	38	1	4996	0	3	1	17	0	0	0	137968	112	324233	10	4	
«	2	6	6	0	0	0	0	24	10	5	0	1	0	0	0	0	0	20	128	16	3	0	1	5	1	6	0	16	0	0	0	0	20	9	1	0	0	0	0	0	0	0	5	0	0	0	1	22	16	0	2	7	48	15	0	0	0	0	0	0	3	0	19	1	2	7	0	0	0	32	3	0	6	0	0	1	2	0	0	10	0	0	0	0	0	15	6	0	0	11	0	4	1	0	0	0	0	0	0	6	1	2	1	0	
`	0	84290	54696	210	1590	747	1	159264	5	92936	44	31	3255	0	0	583	0	139935	1217620	79700	110071	61	1	74728	0	71340	4	163967	14675	1139	0	0	204423	65627	2629	52	5315	52	4	44	34899	4363	9955	2471	9	0	24	106547	232402	3136	1684	9128	0	62358	138161	122	25	8701	4358	0	141	197	167790	27103	246371	279508	0	0	8	186421	69257	279189	11347	1116	569	12710	7729	228	0	155465	25309	11	131	493	0	90729	33791	572	1131	4181	10	106988	5273	165	1483	25367	2	34	8	144831	4670	20371	3606	418	
n	2	650081	1146609	745	82	156	120	66411	12	5397	47	10	566	2	13	1170	0	242401	9135276	211281	270233	45	2	108727	0	38504	20	652389	120430	231	0	0	1830671	419961	1252	130	735	511	2	80	10619	2304	17498	16373	65	0	6	2441455	747045	6027	76	5606	4	281881	188934	23	31	452	30898	0	141	576	3072825	3224	480552	33633	10	0	0	3513786	251467	155113	8494	82	121	65724	203443	912	0	468041	40147	6	106	2010	0	11818	17485	497	337	15432	4	754729	2895	241	119	1231741	2	119	14	1397299	15638	70954	8036	785	
#	0	55	8	11	273	0	0	56	0	34	26	2	2390	0	1	18	0	17	1169	14	31	3	1	70	0	117	2	56	51	286	1	0	86	11	113	2	4418	43	3	1	2	14	27	7	0	0	0	85	192	21	243	0	0	126	33	141	4	3335	9	0	4	0	194	14	98	21	0	0	0	228	25	37	1	269	47	0	0	1	0	60	29	3	0	5	0	32	3	8	278	10	1	89	13	7	259	0	0	18	0	23	57	56	3	0	
|	1	10	9	6	4	0	0	82	0	30	19	1	12	0	0	4	1	13	5041	20	251	31	0	1995	0	22	1	25	6	15	0	0	86	31	1	25	28	1	2	35	1	54	476	4	1	0	0	19	23	8	5	2	0	24	23	6	89798	35	0	0	5	0	26	6	69	28	0	0	13	39	79	17	1	14	27	0	0	125	0	50	8	23	0	123	1	10	34	7	3	9	1	24	11	1	11	1	1	26	0	5	19	5	28	21	
1	0	130	30	263	30075	681	0	335	28	55	92	4	27046	1	0	1497	0	341	75099	50	30880	21	0	3983	0	132	0	139	12239	25319	0	0	438	125	85	25	37504	143	0	7	9	258	11106	238	0	0	23	432	507	186	24977	0	28	5244	158	62	23	33539	46	0	3	13	653	22	28511	5140	0	0	0	1049	59	5426	17	33192	75650	5	1	179	0	516	554	0	0	131	0	133	58	561	135327	291	1	208	7	207	24208	5	0	39	6	294	65	14	4176	315	
?	0	145	127	61	0	27	0	491	17	248	9	4	5	0	8	311	0	296	80199	299	3921	17	0	80623	0	101	38	362	7162	3	0	1	517	207	11	33	19	72	0	2	13	38	275	28	0	0	0	291	499	447	6	23	1	1005	481	18	2	12	15512	0	6	4	770	49	19501	201	0	0	0	321	96	2243	35	1	202	59	23	16	0	171	26695	0	1	88	1	397	113	1	1	13848	0	186	65	21	8	114	0	7	0	112	6423	191	89	41	
¦	0	0	0	0	0	0	0	0	0	0	0	1	0	0	0	0	0	0	3	0	0	0	0	0	0	0	1	0	0	0	0	0	0	0	0	0	0	0	2	0	0	0	2	0	1	0	0	1	0	0	0	0	0	0	0	0	0	0	0	5	4	0	0	0	0	0	0	0	0	0	0	5	0	0	0	0	0	1	0	1	0	0	0	0	0	0	0	0	0	0	0	0	0	0	0	0	1	0	0	3	0	0	0	0	
[	0	491	166	37	81	0	0	1232	1	1513	9	9	319	0	1	115	0	761	1269	388	96	9	1	11	0	364	0	1049	2	76	1	0	1032	466	69	1	3079	21	0	50	431	958	98	1	18	0	1	652	1431	127	67	63	1	814	508	53	5	2480	99	0	67	0	829	229	26	15	0	0	0	821	1471	62	51	115	2148	85	22	14	0	724	143	7	1	5	1	610	489	20	109	3	1	1680	5	1	179	9	1	3	2	451	76	111	25	10	
´	0	11	77	0	1	0	0	8	0	2	0	0	0	0	0	0	2	11	171	247	3	0	0	6	0	1	0	399	1	0	0	0	111	11	0	0	0	0	0	0	3	0	0	0	0	0	1	72	536	1	0	1	0	2	455	0	0	0	1	1	0	0	296	0	9	2	0	0	13	668	116	7	1	0	0	1	22	0	0	229	5	0	0	0	0	10	89	0	2	0	0	35	0	0	0	23	0	0	0	250	0	0	0	0	
i	0	738668	13995	747	80	125	111	484184	13	462329	31	11	116	18	11	1096	1	1813793	6529487	1666874	553452	76	1	53034	0	275734	34	1135090	180895	55	0	0	143745	189209	189418	135	248	220	0	46	15246	26644	15299	15645	714	0	2	209545	2425224	3947	94	232	1	258852	7562586	32	16	250	36538	0	80	427	153681	1340	380146	38057	14	0	0	717364	4879156	104125	699539	116	56	459817	470	464	0	1974531	36940	6	418485	752	0	185043	216828	500	30	11043	3	770540	6420	99	115	172	0	82	5	3876581	7631	1394350	8566	440	
w	1	668	2366	31	24	14	0	2276	0	630	8	75	286	0	0	79	0	2036	119192	2492	42219	0	0	13641	0	1628	0	2254	3308	11	0	0	225802	106300	28	0	350	29	0	1	314	159	1190	233	0	0	1	160173	28038	66	12	88	0	7440	55409	7	3	148	1263	0	2	9	175812	79873	8672	516	1	0	0	2813	14420	2224	108	21	41	2	187	89	0	1976	861	2	3	140	0	151462	1425	25	41	1455	0	1361	66	16	39	312	0	8	0	8469	878	152	487	63	
,	2	80117	24741	846	3814	151	1	254773	32	35296	414	25	6235	0	23	39	3	135012	2990377	76447	3729	966	5	67354	1	33265	2	85703	193	3028	0	0	149238	53666	2898	4	13784	51	0	10	6910	1375	43392	27	39	0	1	82779	144985	618234	3015	15471	4	449729	29677	1618	38	30906	23	0	812	16	111704	6150	3603	184	1	0	1	76267	21366	4906	16001	5617	3724	23256	8432	56	0	63352	54917	29	22	72	2	99838	16808	426	3417	7826	5	41339	768	19	3745	1727	6	23	1339	17415	40	15502	229	77	
:	0	13603	12319	129	545	125	1	37233	1	11125	103	25	5555	0	1	992	0	24543	1234919	15137	475	78	0	66642	0	7388	0	18629	9866	401	0	0	34607	14337	223	84	5143	6	0	344	2765	463	1042	37	2	0	1	16899	37062	1059	453	2284	0	1594	11171	349	29	6271	121	0	38	0	15316	2784	178	468	0	0	0	17406	6617	221	1919	3190	6609	2827	965	16	0	16401	1273	12	5	32	0	18434	5723	13	380	6179	2	11885	366	1	3833	413	0	6	0	5472	36	2769	41459	206	
¡	0	0	3	0	0	0	18	0	0	2	0	0	0	0	0	0	0	0	8	5	0	0	0	2	1	3	0	0	0	0	0	0	7	1	0	0	0	0	0	0	0	0	0	0	0	0	0	2	2	0	0	20	0	0	11	1	0	0	0	0	0	0	1	0	0	0	10	0	26	0	3	0	0	0	0	0	0	0	0	3	0	0	0	0	0	1	4	0	0	1	0	0	5	0	0	0	0	0	0	0	0	0	0	0	
0xb	0	0	0	0	0	0	0	0	0	0	0	0	0	0	0	0	0	0	2	0	0	0	0	3	0	0	0	0	0	0	0	0	0	0	0	0	0	0	0	0	0	0	0	0	0	1	0	0	0	0	0	0	0	0	0	0	0	0	0	0	0	0	0	0	0	0	0	2	0	0	0	0	0	0	0	0	0	0	0	0	0	0	0	0	0	0	0	0	0	0	0	0	0	0	0	0	0	0	0	0	0	0	0	0	
¯	0	0	0	0	0	0	0	0	0	0	0	0	0	0	0	0	0	0	24	0	0	0	0	3	0	0	0	3	3	0	0	0	0	0	0	0	0	0	0	0	0	0	0	0	0	0	11	0	5	0	0	0	0	24	0	0	12	0	0	0	0	0	0	0	0	0	0	0	8	0	1	4	0	0	0	0	0	0	0	2	0	0	0	0	0	0	1	0	0	4	0	0	0	0	0	0	0	0	0	14	0	0	0	0	
d	1	11873	1281673	172	276	49	10	10800	2	3746	42	581	407	0	1	430	0	7054	698795	75291	29159	18	2	56375	0	4496	1	12965	20778	196	0	2	4034983	682212	46	26	669	114	4	33	7634	1312	6154	1073	0	0	2	4600286	64195	516	358	113977	1	59838	18178	26	26	551	2567	1	25	51	3469079	7368	35772	3743	1	0	0	121762	135756	24702	126	821	140	145	391723	377	0	13100	4314	2	499	780	0	5665	11241	98	181	5800	4	7416	186	505	980	983693	0	46	2	74789	2085	1148	1731	2090	
r	2	205635	1196679	755	70	160	100	129689	18	67715	45	13	280	2	9	1250	0	1027556	4951989	210767	1499328	35	1	87493	0	73864	17	743759	166322	61	0	0	3128909	644545	18749	78	642	347	1	55	27080	1966	14759	27595	204	0	0	2437030	729970	6035	101	7406	2	240699	222857	13	34	674	25594	0	196	95	3691555	7635	495759	48681	4	0	0	1391224	116854	47122	114660	134	134	120330	237102	842	0	801857	43728	4	173	2835	8	64880	92784	314	55	14993	4	241529	2334	521	128	1218343	2	82	4	990320	12824	49788	11924	539	
'	0	2010	59664	36	346	1	1	6912	1	1580	12	21	100	0	0	57	0	3451	77018	54784	1779	19	0	4413	0	1185	0	112322	425	211	0	0	47629	4740	93	2	108	4	1	31	260	114	253	126	3	0	1	37194	111963	196	167	412	0	2783	138367	7	11	223	171	4	6	5	156144	622	4811	129	0	0	4	198624	31110	18989	691	86	196	731	7819	1	1	47191	219	9	15	11	0	3567	19694	37	742	383	2	8748	166	13	63	61596	0	38	4	89852	167	517	45	29	
þ	0	6216	101546	58	0	8	37	6118	0	1003	0	1	3	0	0	60	0	131159	465306	6673	45978	6	0	4011	0	4043	1	385373	6518	0	0	0	447650	9701	3	11	15	0	0	1	30	7	1459	2087	0	0	0	354226	19958	478	3	25885	0	13800	2175	2	2	13	1371	0	14	4	382220	35	62781	2585	0	0	0	1986	7528	3127	11499	0	1	10699	99267	4	0	177504	3900	0	28	11	0	6582	10819	18	0	518	0	2723	8	8	2	370710	0	1	0	259598	1095	600	459	15	
5	0	98	60	124	10727	602	0	210	0	48	247	11	13460	2	0	1061	0	217	69461	47	15709	9	1	2562	1	191	0	847	6755	13151	0	0	168	47	184	7	11725	64	0	5	8	243	8420	194	3	0	42	357	121	87	12304	0	0	3048	135	11	11	13880	32	0	2	18	645	21	5483	2203	0	0	0	533	25	5233	0	13357	36328	3	2	104	0	696	369	0	0	243	0	91	84	238	12809	180	0	379	3	67	11085	4	0	32	1	651	51	12	1426	111	
0	0	319	440	242	11266	686	0	998	0	141	678	53	30073	3	0	1420	0	1298	146761	237	22515	31	7	4561	2	290	0	616	8910	13604	1	0	623	124	1095	17	28860	29	1	11	10	1308	12788	400	1	0	101	482	762	165	11600	3	0	6591	359	31	40	29305	62	0	3	63	623	103	8931	3533	0	0	0	1924	165	21235	14	12711	162375	1	90	114	0	1875	614	2	3	104	0	347	118	716	13206	371	0	735	30	167	14109	185	1	375	1	6335	91	35	2169	203	
ç	0	3376	21862	33	0	24	7	17293	0	48	0	0	4	0	0	16	0	8378	176453	1199	8223	1	0	934	0	17	1	43770	2715	0	0	0	317766	255941	1	1	13	0	0	1	9	10	637	229	0	0	0	349738	6122	100	1	23563	1	6854	237	0	0	22	488	0	5	0	462252	2	5962	791	0	0	0	461	2761	1454	31	0	0	1494	68805	2	0	65218	882	0	12	6	0	1133	44	10	1	134	3	188	2	4	0	284414	0	1	0	84817	375	18	138	21	
ü	0	7178	101	38	1	4	43	12980	2	58725	0	1	3	1	0	25	0	273933	290000	152950	33310	1	0	3061	0	22408	0	89292	6191	2	0	0	809	856	3773	3	3	0	0	0	1657	105	660	799	9	0	1	8493	147932	210	1	460	0	13117	744261	0	3	10	1117	0	6	16	315	68	19947	1421	0	0	0	39316	533847	3415	185387	0	0	73376	6612	6	0	320835	2478	0	78743	5	1	14322	19286	39	1	415	5	54658	19	5	1	26	0	3	0	240664	425	405404	289	15	
_	0	395	177	15	111	0	0	562	22	595	49	18	157	0	0	15	0	305	758	205	72	1	0	192	0	520	0	2744	42	61	0	0	824	377	3	2	239	8	1	9	68	91	63	3	0	0	3	408	877	17	52	7	1	140	303	0	102	369	23	0	18	0	714	229	58	4	0	0	0	529	2338	8	10	58	204	11	6	5861	0	615	14	5	0	173	2	427	192	5	38	18	4	771	29	4	73	35	1	17	0	426	6	78	52	8	
¸	0	1	15	0	0	0	0	0	0	0	0	0	0	0	1	0	0	11	61	0	6	0	0	0	0	0	0	49	0	0	0	0	48	1	0	0	0	0	0	0	0	0	0	0	0	0	0	40	2	0	0	5	0	0	1	0	0	1	0	0	0	0	52	0	6	0	0	0	0	0	0	1	0	0	0	1	6	0	1	23	1	0	0	0	1	0	0	0	0	0	0	0	0	0	0	37	0	0	1	40	0	0	0	0	
m	3	13010	839143	356	107	97	17	116079	17	135402	21	6	713	4	8	730	1	46042	1831537	130445	331548	44	0	52620	0	5539	9	14471	81685	247	0	0	4048584	326914	967	58	778	183	0	61	898	1021	7664	7412	1	0	1	2869288	169292	1939	233	2251	0	124599	21549	67	23	771	14748	0	62	37	2014227	2717	199779	16625	2	0	0	318743	31162	23016	6420	208	189	647	283897	467	0	114563	41509	8	49	1337	2	16902	1981	242	81	9675	13	81511	121	209	423	638618	1	153	3	540857	10774	15164	17543	489	
"	0	14687	9146	151	150	11	0	54403	2	9125	110	14	532	0	0	154	0	24288	373378	21054	13312	138	0	27750	0	6696	4	23499	1879	189	1	0	45505	17738	787	58	749	29	6	69	1779	813	4743	786	12	0	0	20263	34969	1155	228	3084	1	32799	19518	99	6	1555	305	0	91	5	23631	5041	37350	846	4	0	0	23592	5378	1950	3913	322	251	4311	1418	21	0	15065	456	63	37	242	0	26972	5385	178	163	3755	2	10330	311	65	304	1662	5	11	1	10234	200	2806	259	93	
{	0	27	16	127	0	2	0	102	0	22	12	1	11	0	0	2	0	43	227	56	12	4	1	473	0	35	0	36	10	4	0	0	95	37	9	21	32	0	0	0	15	43	17	1	0	0	1	38	54	6	4	7	0	61	65	4	30	32	2	0	14	0	114	26	3	1	0	0	0	48	35	6	1	5	26	6	2	2	0	41	71	19	0	21	0	77	35	1	2	66	0	137	3	0	3	2	0	0	0	15	2	6	2	0	
ð	0	118	288411	5	0	1	6	1327	0	72	1	0	1	0	0	4	0	503	13869	761	549	0	0	184	1	545	0	205	479	0	0	0	82690	2327	5	0	1	0	1	0	5	0	214	23	0	0	0	109615	2098	16	0	32	0	1668	4405	0	0	2	62	0	0	0	620618	8	819	44	0	0	0	17391	138579	579	125	0	0	224	76668	0	0	33165	251	0	2807	0	0	249	103	9	0	45	2	1566	1	0	1	526751	0	0	0	132892	63	11538	24	2	
>	0	64	18	14	12	4	0	185	0	79	10	0	32	0	0	26	0	74	25537	88	109	254	4	4173	0	87	0	103	35	13	0	0	167	65	9	3	61	23	0	7	6	30	77	12	0	0	0	101	155	83	8	10	0	235	81	4	35	112	40	1	13	0	87	34	306	100	0	0	0	103	30	22	8	18	85	22	3	7	0	101	190	6	0	920	0	107	26	13	11	108	0	100	5	11	18	5	0	0	5	58	6	22	5	95	
¥	0	1	0	0	0	0	0	0	1	0	0	0	0	0	1	0	0	1	22	0	1	0	1	3	0	0	0	1	0	0	0	0	0	0	0	0	0	0	6	0	0	2	0	0	0	1	0	0	0	0	0	1	0	0	0	0	0	0	0	2	0	1	0	0	2	0	0	0	0	1	3	0	0	0	0	0	4	1	0	0	1	0	0	0	1	0	0	0	0	0	1	1	0	0	0	0	0	0	0	5	0	0	0	0	
h	2	1119	159454	180	54	14	10	13935	3	9500	10	58	125	0	3	329	0	17900	372409	29608	18995	9	0	21112	0	2395	0	277093	17195	29	0	0	2059950	351664	930	9	2174	123	1	3	818	130	5518	562	13	0	0	1578298	60547	372	67	7267	0	44573	62458	10	5	394	1432	0	11	41	783711	3520	32263	2420	12	0	1	8367	89946	12152	6287	47	61	15920	37461	199	1	64585	4801	5	53	745	1	32984	21069	89	24	2516	0	14202	315	103	115	62156	2	25	0	67411	5518	5823	1268	252	
v	0	69067	138169	48	682	12	8	10296	6	788	6	1	343	0	0	30	0	30353	56002	17667	6622	2	0	1083	0	1155	0	1559	3594	178	0	0	847062	69195	929	3	546	24	0	1	597	1462	966	54	0	0	2	2022766	51028	111	657	255	1	10637	2378	0	5	685	130	0	37	11	412915	357	2845	512	0	0	0	60231	135794	5050	5837	230	49	22	15619	119	0	28808	680	1	15	64	0	3616	22695	38	161	129	3	26669	24	23	277	17996	0	31	0	98264	160	8292	723	125	
+	0	193	72	9	79	0	0	618	0	233	72	1	472	0	0	16	0	411	8349	321	152	8	0	459	0	213	0	281	316	107	0	0	600	289	14	5	837	5	0	0	62	158	5724	54	0	0	0	309	639	186	136	35	1	572	252	13	56	1790	11	1	14	0	263	48	167	76	0	0	0	374	162	137	37	321	378	53	32	5	0	277	184	1	3	8	0	357	125	879	126	17	0	288	12	25	267	19	0	21	0	138	7	114	57	62	
9	0	21	314	87	37429	573	0	153	0	34	80	4	20230	0	0	966	0	52	30211	32	10993	1	3	2563	1	145	0	190	5742	31643	0	0	189	18	99	15	17617	78	0	2	2	318	4120	166	1	0	11	126	86	68	25857	0	0	1856	41	9	11	18520	22	0	4	3	50	2	24278	1736	0	0	0	749	19	3244	1	22272	23925	3	1	51	0	192	188	0	0	41	0	44	24	64	58113	144	0	143	7	90	18955	3	0	15	0	102	30	10	1421	52	
0xa	7	68719	22362	11161	6370	6361	2	205182	24	40530	206	139	13600	2	8	129	0	81784	123177	108172	12408	12186	2	676955	6	48065	77	167578	29	6189	1	0	227392	77571	1797	328	21052	82	9	32	17198	2754	238716	36	23	793	14	67827	173768	327320	6829	14866	167	114196	58287	1556	1540	45891	301	2	14156	19	205450	88071	11448	763	13	5	23	97831	30961	7966	13770	8216	7547	13053	4782	440	0	78572	47060	593	56	903	5	110712	29268	2945	5360	53192	33	63720	4117	170	9516	1128	70	70	5525	47418	76	10719	874	221	
®	1	3	0	1	0	0	0	0	3	1	1	0	0	1	0	1	1	6	147	0	2	0	1	5	0	2	0	5	2	0	0	0	0	0	2	0	0	3	4	1	1	1	2	0	2	0	1	1	0	0	0	0	0	2	5	0	2	0	0	0	0	0	6	0	12	3	0	0	0	5	1	6	0	0	1	0	1	0	0	5	3	0	0	0	3	0	2	0	0	2	1	2	0	0	0	4	1	0	2	3	1	0	0	1	
c	0	4123	455700	105	178	47	6	17006	0	6245	52	3	828	1	2	200	0	197346	169925	14807	13636	9	2	2425	0	1368	0	107010	9222	215	0	0	1393182	517660	9	15	446	91	5	14	486	531	3112	153	0	0	14	1432075	15459	309	1410	1371	0	24844	7019	135	12	1065	387	0	40	26	1044193	462	6629	2252	2	0	0	23479	115395	7707	17	400	333	39	91429	264	0	57099	1163	4	75	192	0	292480	1713	590	194	320	8	23708	8914	131	800	195285	0	66	2	127845	334	2916	1343	206	
q	0	25	63070	13	10	1	0	210	0	48	4	0	312	0	0	23	0	18	7319	134	531	4	0	94	0	95	0	322	611	7	0	0	951	301	0	1	131	4	0	6	13	35	117	31	0	0	0	256	243	51	8	0	0	2591	169	73	7	53	13	0	0	0	450	235	344	166	0	0	0	538	339	1328	2	4	21	3	12	29	0	157	97	0	1	252	0	38	78	18	19	38	0	93	146	11	23	57	0	29	0	1355	26	21	116	208	
&	0	171	70	9	1	0	0	505	0	314	28	0	7	0	0	1	0	133	6538	89	14	0	1	35	0	194	0	410	8	2	0	0	210	90	16	0	23	8	0	0	49	5	3	2	0	0	0	175	473	39	3	2	0	152	143	559	0	16	7	0	0	0	197	107	38	2	0	0	0	400	305	31	1	5	0	10	0	4	0	425	28	2	0	0	0	136	79	5	3	6	0	327	185	62	5	14	0	17	1	195	14	13	22	2	
4	0	151	193	163	11889	626	0	207	0	81	73	5	13486	1	0	1162	0	321	54153	66	17388	6	0	2542	0	127	0	741	7544	13453	0	0	337	33	23	10	12593	39	0	1	11	723	7555	212	0	0	7	283	176	73	11333	4	0	3734	84	13	10	13958	26	0	1	12	38	42	3931	2843	0	0	0	383	37	4024	2	17070	24207	2	240	104	0	388	258	0	0	31	0	84	40	186	13216	121	0	218	12	70	13135	0	0	21	7	586	43	22	1508	110	
ý	0	33924	357	103	5	43	48	10147	4	128687	1	0	7	0	0	192	0	643258	1991854	324429	205605	9	0	17556	0	30629	3	67683	44749	7	0	0	1540	4783	11434	5	13	6	0	3	307	69	3779	5753	18	0	1	354	281066	1623	1	84	0	64316	2377022	3	2	32	10610	0	46	17	338	204	143790	10454	0	0	0	124651	1046610	10655	550212	8	3	24128	34	28	0	570921	12939	0	360585	29	0	5178	17257	119	3	2671	0	122046	141	20	9	19749	0	1	0	806353	2384	428799	1892	80	
©	2	0	0	0	0	0	0	0	0	0	0	0	0	0	0	1	0	1	104	0	1	0	0	5	0	0	0	0	2	0	0	0	1	0	0	0	3	0	1	0	0	0	0	1	0	0	0	2	0	0	0	0	0	3	0	0	0	8	0	0	0	2	0	0	6	1	0	0	0	0	0	1	0	0	0	0	0	0	0	0	3	0	0	0	0	0	2	0	1	0	1	0	0	0	0	0	0	0	0	2	1	0	0	0	
^	0	57	5	6	16	0	0	29	0	61	32	3	243	0	0	4	0	45	186	12	20	2	1	24	0	9	0	12	16	31	0	0	34	10	6	3	934	6	0	1	2	43	168	0	0	0	0	3	19	239	58	2	0	25	190	17	2	196	10	0	10	0	13	3	14	2	0	0	0	28	15	23	1	38	50	0	2	61	0	52	10	0	0	129	0	13	13	54	28	0	0	35	2	15	86	1	0	500	0	13	16	14	9	9	
·	0	3	0	0	0	184	0	11	0	1	0	0	1	0	1	3	0	5	6687	5	8	5	1	9	0	4	0	9	0	1	0	0	10	0	0	0	9	2	2	0	0	2	0	0	0	0	1	8	10	6	1	0	0	66	21	0	0	4	0	0	0	1	8	0	6	1	0	0	0	10	6	5	0	2	0	1	2	0	1	10	1	0	0	0	0	3	1	0	0	2	2	4	0	0	1	0	0	0	107	1	0	1	0	0	
l	1	225005	1153611	304	54	91	83	140654	8	27079	18	2	274	0	0	377	0	317894	1352887	165706	53426	13	0	34642	0	40560	1	281011	36165	138	2	0	6420262	460491	157	34	498	336	0	19	3179	324	9411	2195	27	0	1	5332564	236580	1152	56	3355	0	108972	33216	76	22	312	3110	0	58	118	3516160	9776	70580	7320	2	0	0	1131381	9303	33819	980	51	67	20938	297887	648	0	1470792	9101	6	332	1813	6	16591	26950	606	92	3815	14	82411	394	149	119	1028989	0	17	2	1193864	3219	12461	3190	398	
!	22	67	28	155	1	60	3	258	25	56	27	2	2	0	2	258	0	130	50034	92	5176	25	0	36612	0	60	18	92	8591	3	0	0	209	99	11	10	5	59	1	2	5	14	301	56	0	0	0	89	187	288	0	21	2	1856	114	29	18	20	3755	0	15	1	127	19	22986	178	1	0	0	121	27	1284	24	4	3	36	12	5	0	60	17307	1	0	20	0	137	25	43	4	4269	1	47	4	5	0	8	0	24	0	43	33557	36	57	116	
z	2	72692	206671	164	154	48	10	13789	3	718	3	2	130	0	5	252	0	15416	1092135	37769	225726	19	0	12478	0	259	1	6431	33201	17	0	0	765147	106312	4	25	132	81	0	11	60	212	4041	5953	2	0	0	820454	38379	996	19	1544	0	57023	7559	13	6	153	11871	0	68	27	683116	782	105191	1064199	0	0	0	231834	6312	8720	68	15	58	181	103521	131	0	148942	15307	28	40	296	2	3952	1973	113	25	2489	3	70225	103	44	67	260898	0	35	2	566678	4083	42381	1521	293	
/	0	4002	2156	537	1102	2	0	4907	0	4725	26	917	2739	0	0	6	0	4926	16157	3077	148	5	1	2013	0	2913	3	5747	331	1190	0	0	6519	2743	70	1	7027	169	1	44	653	285	129	0	0	0	1	3569	9527	324	1359	282	0	3621	2502	2652	37	9571	113	0	16	0	5068	36252	4409	6	0	0	0	5339	2583	46	264	1452	3214	370	122	64	0	5483	226	4	0	1672	0	4324	3331	60	917	207	0	4198	265	10	2008	122	0	6	0	2102	7	1023	42994	10	
=	1	194	141	24	210	19	0	354	0	241	65	12	510	0	0	29	0	241	10635	199	23	46	0	188	0	194	0	311	299	184	0	1	455	173	47	3	821	16	3	6	41	138	149	2	0	0	0	215	508	169	243	20	0	360	204	17	12	2092	31	0	10	0	205	62	62	13	0	0	0	265	184	84	9	357	729	31	14	6	0	352	898	35	1	780	0	235	126	8	199	20	0	246	29	206	368	9	1	10	0	90	5	49	86	1618	
