	m	o	x	s	u	w	y	{	}	þ	 	"	ö	ü	(	*	,	.	0	2	4	6	8	:	@	­	&	0xc	·	»	0xb	¿	\	q	b	d	f	h	j	l	n	p	r	t	v	0xd	z	ç	0x9	!	#	%	'	)	[	-	/	1	3	5	7	9	;	?	0xa	ð	¡	«	ý	]	_	a	c	e	g	i	k	"																																																																	
m	114685	327002	1024	169648	841401	2721	130591	9	61	6435	1881716	43539	2256	284185	2094	365	218437	340600	204	848	437	239	112	27659	188	17	251	0	4	17	0	10	62	122	116176	322387	5558	16961	903	544663	21755	135449	31184	14563	2054	57304	15179	662	126	11189	68	24	31505	82432	69	8101	17772	843	755	215	252	90	7555	15016	9859	49	2	0	639993	753	471	4049803	81792	2870527	13065	2019432	46134
o	465583	227146	12790	408191	644246	236335	530112	2	43	76271	786575	5424	86	63	494	145	34331	28191	124	556	162	62	37	7022	133	73	81	0	0	1	0	4	10	1476	110989	281522	261786	81560	55375	2781948	2124667	308109	2085707	436876	151179	20714	301276	7110	152	3451	16	17	26744	20494	17	9117	1524	238	230	120	56	85	556	3890	2688	174249	0	0	229	364	409	39399	232781	35006	284111	58596	899981
x	1000	2574	6240	1182	1920	343	4189	0	11	8	55703	892	4	39	238	97	4467	4097	405	1859	768	200	505	2486	44	0	23	0	0	1	0	0	10	70	551	963	944	709	47	3122	325	13523	202	14876	541	2442	118	35	16	162	40	19	7044	7498	147	2944	588	1123	652	354	239	101	93	234	257	2	0	0	223	574	284	6444	5127	10218	192	15735	123
s	283021	1150058	534	267842	871354	28224	154342	6	113	158	1428323	12821	235067	198837	1519	481	110187	101393	266	1624	506	134	85	18906	365	30	350	0	9	3	0	1	169	6747	14185	13357	19559	228564	1000	433154	49082	168038	30694	1544802	19204	88397	1726	4609	151	4473	14	53	57626	61667	165	8088	8820	720	393	149	62	134	2724	4152	8847	41	1	1	1149494	1466	958	2509855	94500	2079617	19280	3447380	284167
u	1012234	14803	10103	803847	51564	1051	534841	2	23	226135	2116907	12320	58	95	1247	179	108823	174312	47	1023	32	45	34	13259	84	80	83	0	2	2	0	6	13	514	117070	181240	54732	137093	4240	1260472	2458404	264706	1868546	556064	73197	30047	630056	52957	38	3423	2	11	51430	43012	19	4212	4524	139	47	38	17	53	3392	11814	4519	250734	2	0	421	269	143	85878	275351	89870	342441	51041	566835
w	1985	106308	161	28077	2653	79874	2517	2	0	109	122995	943	88	190	88	32	9325	42370	43	366	41	16	24	727	29	0	30	0	0	0	0	0	3	67	2283	3021	1630	151469	314	8618	55452	632	14424	2261	1431	14029	154	4	18	887	10	8	3317	3383	3	1229	496	199	315	25	14	41	240	1285	1489	3	1	0	331	81	100	225913	1375	160199	670	175867	2040
y	101640	1578994	454	131370	508258	9050	27360	4	32	2883	815036	7720	54610	218130	734	189	60309	52339	121	337	61	22	12	9001	132	22	191	0	5	1	0	0	9	52	48606	224174	25806	12144	326	877951	256748	11326	220245	43556	40912	55080	10374	602	76	4018	40	18	47439	30882	71	6849	2521	278	104	24	15	28	1261	4058	6036	104	0	0	462472	400	433	3470448	23399	1738852	101700	901021	58948
{	43	37	44	60	17	27	56	22	46	1	248	71	7	3	8	127	3	12	26	32	4	5	0	2	1	0	0	0	1	0	0	0	0	3	102	51	37	79	15	18	71	24	41	39	39	474	6	6	2	2	6	12	6	10	14	17	2	34	11	5	4	3	1	3	66	0	0	0	2	2	2	103	139	41	28	121	45
}	23	5	3	2	1	4	0	6	77	0	853	16	0	0	7	5	313	38	2	1	0	0	0	14	0	0	1	0	0	0	0	0	4	1	0	4	2	0	0	1	3	2	3	6	0	892	1	0	8	0	5	1	20	18	1	16	8	0	0	0	0	0	39	3	170	0	0	0	0	16	5	2	1	71	1	1	2
þ	177565	9708	7	19988	101676	36	6689	0	11	11506	470519	4062	25886	99346	493	58	64044	46647	1	16	3	3	0	4584	0	37	9	0	0	0	0	1	1	8	6135	2041	4044	6584	30	260322	2187	1004	7529	385821	10830	4281	602	10729	8	1153	2	0	4084	6580	15	1504	471	14	4	0	0	0	2099	1390	527	28	0	0	371330	62	4	447870	2729	354351	6227	382673	131176
 	2278483	3676125	24235	4843483	813492	545540	3432882	1498	417	530768	1452005	375823	472438	279919	472603	14799	98845	71364	21954	160499	62753	43457	36881	85595	760	77	6600	0	125	252	0	61	314	30309	6778525	4655019	1204842	2324450	165357	716204	1076627	1187897	750792	3288975	1909496	668193	557261	791369	2003	8083	6172	9873	60863	49175	13164	140255	13554	258385	96321	57935	37536	35562	6429	16344	52685	326	39	209	62397	1245	739	4685261	1507233	2271770	3418680	3553034	4564321
###############################################################################################################################################################################################################################################################																																																																													
ö	18692	58	24	50521	24	169	206779	0	5	10848	3420	271	9340	203	16	6	449	1480	1	11	1	0	0	176	1	23	3	0	0	0	0	0	1	0	13429	20931	7139	2893	102	137976	292165	29935	338760	70562	16639	166	324243	3517	0	114	1	1	244	171	0	55	11	12	4	2	1	0	4	368	39	65185	0	0	17	2	1	348	4996	1402	6291	619	39805
ü	321346	861	106	148133	109	69	153204	0	3	185393	296627	2606	462	8312	216	39	21038	33945	2	6	1	1	1	2524	0	43	5	0	0	2	0	0	0	19	12986	39635	22413	14332	1657	241161	745738	58726	533873	89759	19295	3302	405422	73382	5	438	0	0	4407	6272	6	692	292	11	4	0	2	2	818	1138	423	78746	0	0	26	26	6	834	54677	8829	7188	324	273980
(	13692	11499	2502	20710	4444	3470	15593	2	1	1938	6944	2092	3198	786	703	353	317	1155	1561	7665	2042	1210	910	164	41	0	85	0	2	0	0	17	5	349	1159530	15391	5689	15067	1757	5197	8969	6891	5160	16001	7393	129	2422	2477	0	4362	727	366	371	753	33	782	71	22904	3189	1614	974	1038	6	2169	52	17	0	5	384	2	42	35432	9573	13787	9910	15213	22726
*	396	262	93	809	84	78	278	5	122	62	20672	182	45	18	262	8569	583	368	62	308	108	62	54	154	36	0	14	0	0	0	0	0	3	25	768	491	248	405	50	242	280	366	223	512	114	2102	131	163	1	73	42	14	73	3194	11	93	513	385	166	89	86	31	15	35	412	1	0	0	16	34	13	657	536	346	314	440	636
,	92716	65305	2292	185850	31603	11999	87876	29	5	17689	2991413	54935	17005	9238	618240	848	3634	3751	3809	15554	4122	3493	4356	1378	57	1	19	0	1339	32	0	2	10	2013	286201	98388	47268	116232	14573	28129	41625	51855	34508	114840	22021	67362	19153	25207	151	42	1666	416	4917	202	815	43408	236	33436	7138	5935	3378	3743	27	30	7828	27	1	4	2038	40	67	189993	61629	102328	96069	136821	161147
.	16408	22489	755	36342	6586	3106	17090	8	88	4562	2238610	43116	4809	1761	17127	363	1327714	1634108	20953	10998	4555	3914	3698	34791	50	1	47	0	12	99	0	2	32	310	50737	20574	8480	31511	3738	6632	16843	10304	5761	26082	7659	573100	4810	4607	891	7836	41	66	4816	20249	287	2222	411	15981	5803	8895	3675	5400	187	1540	72304	15	0	5	506	1133	75	44969	43579	21053	18078	18531	23160
0	1917	131	1337	789	496	107	261	3	17	15	151324	650	3	113	198	245	9496	22674	162486	29001	14146	11640	11287	3904	29	0	168	0	1	0	0	0	12	31	1015	2280	296	370	12	6591	401	145	177	637	121	4702	35	1	752	99	31	684	22362	8982	4	12959	2196	29473	30153	12750	13627	13235	405	65	385	3	0	0	204	1427	114	704	805	531	329	714	1340
2	633	266	1079	683	71	38	469	2	31	54	86746	710	1	3	276	339	6849	31047	90449	20075	20160	15000	16189	5268	89	0	126	0	2	0	0	0	22	18	538	2155	341	113	13	390	1013	904	103	158	83	3679	25	1	692	51	16	73	7668	14404	3	11999	2524	24598	22069	23658	18188	16467	227	50	249	0	1	0	10	1639	156	343	455	215	216	150	660
4	408	39	730	180	243	42	68	0	10	2	56180	275	5	296	84	163	4241	17483	24230	12631	13163	11344	11895	2957	39	0	74	0	7	0	0	0	1	12	215	465	131	88	14	626	90	85	39	852	40	2604	23	3	626	43	13	75	4692	7584	1	7595	1514	14056	13503	17091	13463	13220	215	27	124	0	0	0	0	1163	107	343	222	330	152	42	330
6	420	18	230	224	40	11	151	2	5	12	43616	214	0	1	80	75	3815	12897	21058	10926	14204	12907	11633	2815	41	0	59	0	0	0	0	0	2	5	252	852	186	66	11	251	174	27	37	227	104	2209	9	3	577	22	10	64	3571	6275	3	5368	1643	13442	12814	12761	12979	13857	189	32	138	0	0	0	33	968	59	303	233	214	65	59	312
8	489	28	367	116	18	8	47	0	7	0	37242	168	0	2	72	70	3760	11118	27822	12535	12789	14144	13335	1703	22	0	108	0	1	1	0	0	3	4	287	879	98	73	3	418	46	39	42	296	45	2070	6	1	577	23	25	63	3706	5292	1	4571	1278	14207	14098	13190	14935	15235	96	14	148	0	0	0	2	901	59	167	251	257	47	322	270
:	16470	14390	470	37187	12354	2805	15174	12	84	1925	1235107	1274	2289	968	1075	129	230	481	6623	5156	3836	455	546	670	19	1	1	0	0	2	0	0	345	369	37350	17478	7436	18489	2787	5500	11207	11179	6663	18701	5736	66718	2786	2834	129	37	350	103	222	9926	38	1046	41462	6284	5562	3196	402	380	37	122	6181	5	0	0	414	993	18	34784	11928	17014	13661	15412	24618
@	366	87	32	453	254	202	194	12	3	0	266	29	0	0	18	33	41	32	2	50	5	3	16	5	151	0	8	0	2	0	0	0	1	15	200	295	99	317	23	137	508	216	104	544	96	19	69	1	0	37	99	12	10	35	0	62	1	49	12	7	4	10	0	5	4	0	0	0	0	1	4	290	371	170	213	285	206
­	114	11	0	57	20	1	70	0	0	23	67	1	0	2	0	0	2	3	0	0	0	0	0	7	0	62	0	0	0	0	0	0	0	0	29	165	8	26	1	247	108	9	169	118	30	2	14	12	0	1	0	0	0	6	0	1	0	0	0	1	0	0	0	0	1	30	0	0	1	1	0	6	31	0	15	9	63
&	437	97	5	482	70	111	91	2	0	2	6544	28	2	0	40	10	41	15	1	25	7	5	1	3	8	0	62	0	1	0	0	0	0	185	518	406	197	140	52	203	149	323	313	421	79	37	13	10	0	16	565	31	35	11	0	3	23	17	8	6	4	3	2	7	6	0	0	0	14	1	4	215	344	181	174	198	142
0xc	1	0	0	0	0	0	0	0	0	0	1	0	0	0	0	0	1	0	0	0	0	0	0	0	0	0	0	1	0	0	1	0	0	0	0	0	0	0	0	0	0	0	0	0	0	791	0	0	0	0	0	0	0	0	0	0	0	0	0	0	0	0	0	0	0	0	0	0	0	0	0	0	0	0	0	0	0
·	15	3	2	17	1	0	8	0	1	0	6687	1	0	2	6	0	6	8	0	9	1	1	0	1	2	0	0	0	111	0	0	0	0	0	20	10	4	7	0	2	22	2	11	10	1	10	2	2	184	0	0	0	7	0	0	0	5	4	3	2	1	0	0	0	2	0	0	0	0	3	0	15	8	9	6	13	9
»	8	1	0	1	0	2	0	0	0	1	515	2	0	0	2	0	16	9	0	14	0	0	1	2	0	0	0	0	0	48	0	0	0	0	0	8	0	0	1	2	1	0	0	3	0	28	0	0	0	1	0	0	0	5	0	0	0	15	0	0	0	0	0	0	2	0	0	6	1	0	1	2	0	0	0	2	0
0xb	0	0	0	0	0	0	0	0	0	0	2	0	0	0	0	0	0	0	0	0	0	0	0	0	0	0	0	1	0	0	2	0	0	0	0	0	0	0	0	0	0	0	0	0	0	3	0	0	0	0	0	0	0	0	0	0	0	0	0	0	0	0	0	0	0	0	0	0	0	0	0	0	0	0	0	0	0
¿	0	0	1	1	0	0	0	0	0	0	64	18	0	0	1	0	51	5	0	0	0	0	0	1	1	0	1	0	0	0	0	22	0	60	3	7	2	3	0	0	4	4	0	2	0	26	0	1	0	15	0	2	0	31	0	0	0	0	0	0	0	0	0	17	30	0	0	0	0	2	0	4	2	0	1	0	1
\	83	29	8	164	30	124	20	2	0	0	255	125	1	0	4	8	24	15	14	6	2	2	1	1	4	0	0	0	0	0	0	0	86	2	41	90	33	26	4	26	151	52	35	48	9	85	6	4	0	0	6	2	21	4	5	8	49	10	2	1	2	0	4	1	1	0	0	0	0	48	47	62	90	36	14	52	28
q	170	305	36	324	63081	238	187	0	1	2	8869	108	0	12	53	13	516	583	46	148	27	11	11	280	4	0	15	0	0	0	0	0	6	152	213	698	99	43	13	1393	217	52	348	344	80	110	23	4	2	27	76	25	1792	621	0	128	118	83	324	5	8	22	32	15	44	1	0	0	74	23	30	968	102	266	32	486	20
b	6729	520077	335	16254	1600462	2385	51955	0	5	246	47881	672	107547	212545	181	146	3277	11169	215	605	256	166	122	2308	76	3	98	0	0	2	0	0	13	73	43203	17721	1102	1558	9964	151668	12857	1611	127365	4441	745	1885	8082	97	47	179	9	14	5326	6211	21	4073	820	566	281	337	272	102	106	147	219	34	1	0	110143	183	110	1706269	7002	1401809	4197	4139915	1140942
d	13171	682259	1319	64605	1282675	7377	75515	3	27	131	729439	4790	113985	391782	614	180	39975	30507	201	1113	1122	454	364	5365	115	10	553	0	2	3	0	1	33	190	10841	123402	4520	5700	7638	76249	18590	3760	135787	13068	11329	58841	1152	165	67	2143	29	46	34193	21100	31	6448	1931	1392	675	985	272	321	1147	2647	5929	499	1	1	984389	449	386	4035562	7503	4600743	11900	3471109	7103
f	4374	282707	806	23803	112501	609	10677	2	7	544	385846	1667	5925	13075	944	228	11164	14792	289	612	362	594	199	2593	61	4	90	0	4	0	0	0	10	52	2544	1819	68286	3328	284	118230	1670	1273	162805	123361	224	6478	464	2505	31	823	70	67	5158	7201	16	3243	613	2451	633	503	129	135	252	407	722	12	1	0	108510	107	194	570879	6346	396010	2386	549016	9545
h	64620	351735	133	60634	160081	3525	29652	5	9	6292	393115	5209	7269	37492	414	183	39120	20923	88	2238	123	67	55	4035	124	10	108	0	0	3	0	0	3	315	13954	8672	2408	33025	822	68343	62512	9520	89961	277696	21097	22871	5826	15937	23	5687	10	11	17637	17566	12	5754	1344	436	137	57	30	27	595	1470	2584	53	12	0	62772	343	201	2060430	14250	1578957	1141	785651	17927
j	1139	51690	71	919	56653	69	1697	0	5	20	28779	218	2620	1288	26	19	1497	3399	23	148	29	5	8	617	19	1	56	0	0	0	0	0	0	12	794	8550	277	410	1535	12938	704	2599	1208	519	184	285	79	5	4	61	6	2	3634	1085	1	297	201	66	26	4	150	20	54	28	53	6	0	0	10621	50	24	86075	592	70571	351	93962	1985
l	1471143	460580	327	237028	1155241	9785	165803	10	35	984	1408565	10029	3360	298305	1260	312	78802	56446	80	516	120	60	56	11830	337	83	159	0	2	8	0	2	22	396	140738	1135654	40654	16643	3192	1198283	33341	27122	9344	281138	27048	37297	12502	20947	109	3356	77	22	46649	36754	64	9847	3425	344	283	57	142	96	2281	3206	3961	332	3	0	1030010	399	656	6421610	82728	5333928	225057	3521794	317995
n	468426	420177	2318	747869	1151290	3243	211409	15	133	8521	9259282	42898	5621	203671	6397	760	505789	279819	198	869	145	85	85	62420	526	120	262	0	17	13	0	20	84	2897	66603	3521652	38552	11913	10631	1408290	189340	5493	251548	653573	17705	117421	70976	65748	205	16175	31	52	187655	121962	156	18517	8359	682	609	108	244	342	16710	31630	15976	107	10	4	1237043	1217	919	1834288	755296	2443108	650249	3083072	242609
p	120818	274261	440	94093	116464	554	20663	4	9	1341	736220	2858	1416	19352	685	193	65775	36278	183	579	378	75	152	47247	53	13	87	0	1	1	0	1	26	192	1911	5583	2437	62350	648	348245	5513	48461	265614	191137	828	11105	428	8412	51	1362	19	24	11680	13093	63	4119	2499	505	5134	202	45	55	1184	3283	1432	45	0	2	158670	379	399	793067	13930	474249	5341	350202	28667
r	802270	644715	1970	730665	1199675	7652	210918	5	82	114682	5057515	46626	7417	237751	6326	784	518200	1512255	167	722	135	106	80	70184	353	100	546	0	4	19	0	17	61	2337	129838	1399750	73923	64960	27091	1000082	223067	67785	116954	743914	92932	94431	49815	120352	200	13295	15	48	71213	167629	211	15541	12239	755	305	149	73	57	27835	26044	15418	174	4	2	1224459	1303	854	3131799	241880	2444790	205739	3712248	1027747
t	493096	735626	878	153748	860650	26767	75472	9	47	266	1783140	12911	30934	427118	1491	559	90787	86076	247	1122	293	261	222	16780	240	32	255	0	2	7	0	2	69	105	46868	10499	21168	1049898	697	539900	18387	48450	479880	578061	30293	65776	10436	23823	126	6722	23	109	86936	52405	151	16477	5915	1341	589	151	48	72	2689	5802	7076	215	6	0	771286	634	901	2615962	51113	2347549	8071	2295577	82850
v	28841	69206	1463	51082	138327	358	17822	3	4	5837	60674	743	256	15623	123	50	3377	6831	57	573	279	658	684	888	24	8	25	0	0	7	0	0	1	24	10300	61112	1157	3620	597	98678	2661	799	135809	1565	22707	1223	8295	23	12	169	0	7	6901	3647	42	997	741	701	348	232	179	164	60	135	136	15	0	1	18049	33	119	847881	26702	2023070	69097	413394	30361
0xd	0	0	0	0	0	0	0	0	0	0	0	0	0	0	0	0	0	0	0	0	0	0	0	0	0	0	0	0	0	0	0	0	0	0	0	0	0	0	0	0	0	0	0	0	0	0	0	0	0	0	0	0	0	0	0	0	0	0	0	0	0	0	0	0	3600494	0	0	0	0	0	0	0	0	0	0	0	0
z	149038	106356	218	38514	207452	786	37823	29	29	76	1118278	16076	1550	103824	1049	167	111336	228573	66	170	86	28	170	1069303	83	10	63	0	4	3	0	1	11	103	13827	233522	278	3972	62	569586	7608	735	6330	6469	2010	13842	42412	185	56	4218	14	3	12495	33507	71	4270	1580	210	149	32	28	55	6012	12017	2562	40	0	0	261776	266	137	765700	70432	820966	72732	684909	15465
ç	65245	255949	10	6145	21963	2	1201	0	1	31	179454	928	23563	68820	108	33	6599	8538	0	14	0	2	0	1199	0	7	5	0	0	0	0	1	1	2	17301	483	20	1134	10	85267	243	49	2761	44095	46	1055	19	1507	24	390	0	1	2162	2741	5	665	143	23	5	1	1	1	237	506	140	12	0	1	284581	17	2	317825	193	349811	3377	462473	8381
0x9	803	306	12	874	167	297	397	5	49	74	1449	118	56	50	109	32	13	1730	250	482	102	54	31	159	0	0	0	0	0	0	0	0	0	25	832	621	358	402	84	210	329	401	280	1910	145	1045	50	92	5078	0	2	1	18	0	28	762	26	735	178	83	35	53	3	11	37	0	0	0	17	0	2	1160	527	408	355	759	527
!	82	118	14	197	29	19	93	1	10	24	50117	17321	21	12	297	178	22999	5187	20	8	1	3	1	1853	60	3	9	0	0	25	0	18	2	4	264	140	74	140	6	43	115	78	29	96	25	36632	37	37	60	33580	32	32	1298	8594	15	305	80	55	6	5	3	4	56	3758	4272	0	1	3	8	258	5	217	53	89	67	127	132
#	65	11	14	203	10	15	14	7	2	1	1179	34	0	0	21	17	99	33	54	4421	262	244	275	27	51	0	12	0	1	0	0	2	1	14	62	244	124	34	2	24	33	37	27	58	3	75	62	0	0	66	165	64	39	52	5	27	8	3340	2393	272	286	278	7	12	10	0	0	0	0	19	2	89	103	94	72	207	17
%	96	1	9	101	116	10	8	4	11	1	2222	28	0	7	20	10	63	25	250	1604	558	530	686	4	16	0	123	0	0	0	0	0	11	0	22	74	36	4	1	22	7	9	7	7	1	112	4	0	1	18	24	160	148	77	1	21	12	2215	746	1250	659	1737	6	8	5	0	0	0	2	3	0	15	69	18	8	73	54
'	47318	4829	123	112192	59720	656	54873	9	4	708	77056	220	426	7829	197	37	4816	1781	198	114	65	169	349	327	4	1	17	0	4	1	0	0	32	170	7120	198812	1241	3666	275	89924	138468	1640	31163	112470	19729	4428	549	753	1	179	8	25	19062	431	10	253	49	227	105	86	213	743	126	176	387	15	0	0	61619	57	2	47844	8823	37341	2104	156320	3599
)	1183	385	94	792	361	59	528	57	30	53	302854	1752	71	70	15089	379	879936	40892	109	250	40	43	23	15819	13	0	52	1	8	1	0	3	23	12	834	1370	190	438	35	657	1077	203	155	656	276	219146	59	90	210	334	50	14	3404	5869	80	1012	488	248	122	100	14	11	2843	370	23620	7	0	1	240	392	30	1028	276	548	334	1219	616
[	777	500	959	1504	181	242	405	8	1	52	1276	144	68	24	127	37	26	99	2151	3086	182	69	82	17	21	0	1	0	2	1	0	0	50	8	1285	872	396	640	447	475	531	1561	1521	1086	498	13	116	93	0	76	53	9	62	2	67	101	25	2492	322	117	77	112	1	99	3	1	0	1	10	131	14	1095	1721	691	523	911	797
-	15680	14544	659	26291	5731	3650	13867	16	12	1950	298887	1415	1708	1735	1903	137	1778	2783	5023	12906	6513	4537	3350	410	56	0	8	0	0	4	0	4	17	252	29598	14136	6764	20437	1474	7334	12553	9784	6441	15972	4437	8648	2133	2427	1085	174	49	112	215	1310	106	145067	99	22224	8411	6660	3533	3067	49	641	693	44	0	5	5165	62	64	29004	9697	17959	9952	22315	17394
/	5785	2904	301	9928	2251	36318	3184	4	1	275	16200	226	293	124	325	538	4422	148	3220	7041	2021	1367	1103	16	171	0	11	0	0	0	0	3	52	283	5149	5585	3089	4493	731	2199	2595	4950	2739	6045	3387	3655	1050	381	2	10	2654	32	47	331	16	131	43004	9622	2747	1455	1192	919	0	113	207	0	0	0	126	6	70	6870	4471	3839	4162	5279	5135
1	536	128	288	526	34	27	61	4	26	17	77978	586	0	1	222	265	28988	31033	75695	37629	24227	25000	30086	5381	145	0	207	0	6	28	0	0	9	8	354	1312	145	149	11	343	177	60	69	154	66	4162	15	6	681	66	63	95	6182	12300	3	11190	4187	33930	27096	33208	25326	135338	242	49	296	0	0	28	14	1503	183	485	243	481	138	798	350
3	447	37	526	181	433	26	77	0	17	1	78281	334	0	530	114	178	26557	23582	32040	16369	13479	13300	12972	5185	45	0	97	0	2	0	0	0	7	12	244	2754	179	81	14	830	140	194	603	1217	82	3344	19	6	647	58	12	87	6445	9904	2	10013	2208	19445	16516	14949	13759	13662	177	97	207	0	0	0	1	1377	126	306	463	449	192	63	195
5	710	50	247	128	62	22	51	0	7	0	71295	395	0	2	101	126	5814	15808	36337	11770	11099	12321	10733	2391	64	0	67	0	1	0	0	0	5	3	212	624	198	109	10	679	138	50	33	930	84	2665	13	3	603	56	11	251	5700	6789	2	8468	1437	13989	13489	13384	13169	12815	195	32	187	0	0	0	6	1062	106	181	398	393	104	760	242
7	154	20	128	278	63	16	151	0	2	10	34905	303	1	0	81	77	24232	13089	20577	11895	11187	11660	11487	1639	32	0	55	0	2	0	0	0	5	10	157	750	97	53	3	298	186	28	14	490	49	2383	10	7	591	25	12	59	3376	6024	1	4999	1931	13344	13185	13788	13875	13198	134	22	121	0	0	0	12	919	56	156	127	237	58	80	73
9	195	18	322	88	348	2	32	0	16	2	31169	199	0	1	72	93	24533	11074	23932	17635	18964	25865	37438	1797	78	0	91	0	0	0	0	0	2	7	153	848	146	44	3	117	43	36	20	190	24	2636	10	3	573	32	9	85	3519	5771	4	4162	1424	18562	20240	22280	31649	58127	166	24	146	0	0	0	10	971	53	208	145	131	24	55	59
";"	229	306	14	587	85	40	344	9	45	58	108473	325	94	36	128	7	165	46	7	40	11	12	9	65	0	0	244	0	0	0	0	0	1	29	829	324	144	375	30	141	166	151	139	321	93	24711	69	92	35	32	5	1	76	589	8	86	8	77	17	14	9	5	39	36	1908	0	0	0	13	31	6	711	155	328	231	438	461
?	174	212	40	503	130	49	301	1	33	35	80287	26713	24	24	448	63	19528	3925	202	21	8	6	0	1050	72	0	23	0	0	17	0	38	2	65	500	326	101	402	13	113	489	253	101	366	115	80679	191	60	27	6424	21	14	2245	7166	6	275	107	13	5	1	3	1	28	15512	13855	1	0	1	114	311	18	528	190	295	150	774	299
0xa	86767	80877	3260	186177	24124	89735	111083	595	350	14201	125757	47094	15565	4937	327342	11181	11496	12500	7574	21468	9616	6930	6458	3054	447	2	170	793	5526	26	5	77	41	4488	213226	104837	51515	115512	19636	50925	61554	45700	35213	175286	30905	678107	12047	13512	6363	94	1572	252	7976	44	14180	238912	982	46517	13858	8309	6266	5453	40	346	53215	58	13	171	1184	132	596	239718	69810	73420	73422	210372	87649
ð	33172	2328	0	2099	288464	8	769	0	0	125	14450	262	32	76672	17	5	949	587	0	1	1	0	0	107	0	6	0	0	0	0	0	0	0	1	1328	17484	545	250	5	132994	4414	72	138586	210	104	201	11539	225	1	63	0	1	840	485	0	219	27	2	2	0	0	0	25	63	46	2808	0	0	526898	4	0	82739	1566	109628	118	620679	504
¡	5	1	0	7	3	0	5	0	0	0	8	0	20	0	0	0	0	0	0	0	0	0	0	0	0	18	0	0	0	0	0	0	0	5	0	0	3	1	0	14	11	2	4	3	5	2	0	0	1	0	1	0	0	0	0	0	0	0	0	0	0	0	0	0	1	0	10	0	0	0	0	7	0	2	0	1	0
«	11	9	0	19	6	1	16	0	0	6	128	0	7	2	0	0	2	3	0	0	0	2	1	8	0	0	0	0	0	10	0	0	0	1	25	34	7	16	0	6	0	6	3	19	7	7	3	1	0	1	0	0	0	0	3	6	1	0	0	0	0	0	0	0	11	0	0	48	0	0	0	21	4	22	6	19	21
ý	572244	4824	73	281776	370	205	325482	0	5	550244	2021412	13725	91	39	1688	111	150332	209136	8	16	10	1	6	17712	6	48	22	0	0	4	0	3	4	141	10202	125839	30641	5208	309	808344	2387056	128708	1046688	69824	17348	18892	428827	24144	46	2473	3	1	14548	45049	49	3919	1932	47	8	13	10	3	5836	10767	2701	360589	0	0	21904	202	30	2263	122088	380	33955	402	643492
]	44	29	19	128	16	35	22	22	11	4	16122	85	0	2	33	28	2804	779	6	13	2	0	3	206	0	0	4	0	0	3	0	0	7	0	41	51	17	21	8	36	47	22	17	44	7	8868	6	1	31	13	6	1	91	246	161	82	33	2	6	1	0	0	148	11	486	0	0	22	3	76	47	77	18	49	12	61	20
_	625	379	91	888	177	233	208	5	2	10	985	15	8	6	18	16	60	73	204	243	75	53	112	7	8	0	4	0	0	22	0	0	12	30	568	529	522	430	69	426	304	606	2341	2748	195	207	81	11	0	6	0	49	10	46	18	63	53	395	160	60	62	39	3	23	19	0	0	1	35	15	5903	872	774	410	398	720	307
a	2362316	19516	15984	2363380	96069	50772	2422549	8	59	703337	6494992	25335	366	798	3534	663	272117	191676	362	848	676	300	161	47489	209	250	264	0	3	2	0	13	84	3998	999823	1875279	454359	998683	73418	3330758	7107260	930650	6960839	2064063	513810	54555	1029407	242086	393	11412	59	67	87496	83142	140	18401	5422	1454	702	240	232	259	10541	14558	8323	386776	3	0	6374	856	540	280559	834669	23988	417407	337802	2931713
c	57148	517725	534	15561	455942	467	14976	5	17	19	182872	1337	1371	91461	344	108	8399	14349	352	497	807	1420	179	3364	92	6	135	0	2	0	0	0	25	8915	17038	24069	1378	292512	486	128800	7274	6256	115411	107412	1727	2912	2919	45	52	353	138	52	11051	9459	43	3253	1411	1092	840	405	225	198	174	417	347	75	2	0	195536	213	264	1393394	23777	1432252	4135	1045121	197373
e	1544191	72132	60634	1995447	37377	50737	1346005	29	121	245231	8338174	30784	409	427	4115	583	321252	250696	333	1114	639	435	241	44337	305	178	361	0	26	4	0	9	112	9154	386364	1514080	257360	158429	20289	2446924	5275196	271188	6298088	1813267	857436	188648	335638	167390	279	13010	30	70	133831	105096	203	23988	10148	841	650	940	354	149	12850	21757	21279	334382	3	3	1569	1536	3347	405544	793714	302702	329896	103210	2450862
g	33713	460882	81	37095	661971	2310	9535	0	10	29	318596	2655	423191	372554	357	202	21665	27388	80	398	174	189	71	4394	91	1	111	0	2	0	0	0	10	53	5425	17602	1873	148759	189	144518	27955	3350	333408	7834	676	27087	11976	76	33	965	31	16	14032	14012	18	2922	4205	254	332	173	186	34	548	1793	2758	53	3	0	105385	302	293	463002	2144	1568459	22821	1944970	1190
i	1986303	189481	26681	2430406	14054	1350	1671802	6	139	699569	6691598	39913	261	494	4209	770	410000	568731	125	313	126	100	84	59670	222	111	103	0	5	15	0	35	49	6422	484598	722273	275779	185210	15264	3897361	7598278	462455	4879358	1166995	217463	58690	1394422	459889	150	8006	33	32	123324	182907	99	15965	8872	389	143	130	58	34	16001	37373	11533	418508	14	1	241	1159	498	150564	771464	217708	739151	203734	1818690
k	212388	813762	266	347409	884702	2700	37605	16	30	23452	3516493	26404	94208	183406	2341	689	213494	178429	100	464	184	68	101	29293	217	52	168	0	0	8	0	3	23	39	16219	28569	4700	11951	653	1347981	93749	4811	140734	962122	5501	36524	1141103	71515	114	7169	10	16	36666	148003	52	10201	6110	1074	200	41	58	76	7473	6553	5959	264	2	2	643347	545	2517	3000796	57159	1540953	5057	2307657	149488
